•..00AT&T = 12:50 PM 7 $ IMP,IMP,1
greenvilleisd.com
GREENVILLE ISD,GREENVILLE,1
Greenville Middle School,Greenville Middle,1
2017-2018 School Supply List
"- m,.....++.r.ou MOW. SACIOaw..0 h O)",MOW,1
....rw+7n.n
m of
